1.624084801972906163e-12
1.624084801972906163e-12
1.624084801972906163e-12
1.624084801972906163e-12
1.624084801972906163e-12
1.624084801972906163e-12
1.624084801972906163e-12
1.624084801972906163e-12
1.624084801972906163e-12
1.594955725038861795e-12
1.508433756844628975e-12
1.453229926992420627e-12
1.453229926992420627e-12
1.453229926992420627e-12
1.453229926992420627e-12
1.453229926992420627e-12
1.453229926992420627e-12
1.453229926992420627e-12
1.453229926992420627e-12
1.383463349647533574e-12
1.233907318589372276e-12
1.157653809777898651e-12
1.157653809777898651e-12
1.157653809777898651e-12
1.157653809777898651e-12
1.157653809777898651e-12
1.157653809777898651e-12
1.157653809777898651e-12
1.157653809777898651e-12
1.077831042205706565e-12
9.305763153574658920e-13
8.638626269431225021e-13
8.638626269431225021e-13
8.638626269431225021e-13
8.638626269431225021e-13
8.638626269431225021e-13
8.638626269431225021e-13
8.638626269431225021e-13
8.638626269431225021e-13
7.990830909131897768e-13
6.835352535901277577e-13
6.318572687493064427e-13
6.318572687493064427e-13
6.318572687493064427e-13
6.318572687493064427e-13
6.318572687493064427e-13
6.318572687493064427e-13
6.318572687493064427e-13
6.318572687493064427e-13
5.802653575158317605e-13
4.820477434887929434e-13
4.348265882362620583e-13
4.348265882362620583e-13
4.348265882362620583e-13
4.348265882362620583e-13
4.348265882362620583e-13
4.348265882362620583e-13
4.348265882362620583e-13
4.348265882362620583e-13
3.876006504544929900e-13
3.083865355912745591e-13
2.769548316599090479e-13
2.769548316599090479e-13
2.769548316599090479e-13
2.769548316599090479e-13
2.769548316599090479e-13
2.769548316599090479e-13
2.769548316599090479e-13
2.769548316599090479e-13
2.504323841506337589e-13
2.042869702850494821e-13
