7.899841997559166884e+03
1.183881004637619117e+04
1.833373262882570634e+04
2.927707194702704874e+04
4.117935641607573780e+04
5.396088927022157441e+04
7.374075170580866688e+04
8.929556914062667056e+04
7.899841997559166884e+03
1.183881004637619117e+04
1.833373262882570634e+04
2.927707194702704874e+04
4.117935641607573780e+04
5.396088927022157441e+04
7.374075170580866688e+04
8.929556914062667056e+04
7.899841997559166884e+03
1.183881004637619117e+04
1.833373262882570634e+04
2.927707194702704874e+04
4.117935641607573780e+04
5.396088927022157441e+04
7.374075170580866688e+04
8.929556914062667056e+04
7.899841997559166884e+03
1.183881004637619117e+04
1.833373262882570634e+04
2.927707194702704874e+04
4.117935641607573780e+04
5.396088927022157441e+04
7.374075170580866688e+04
8.929556914062667056e+04
7.899841997559166884e+03
1.183881004637619117e+04
1.833373262882570634e+04
2.927707194702704874e+04
4.117935641607573780e+04
5.396088927022157441e+04
7.374075170580866688e+04
8.929556914062667056e+04
7.899841997559166884e+03
1.183881004637619117e+04
1.833373262882570634e+04
2.927707194702704874e+04
4.117935641607573780e+04
5.396088927022157441e+04
7.374075170580866688e+04
8.929556914062667056e+04
7.899841997559166884e+03
1.183881004637619117e+04
1.833373262882570634e+04
2.927707194702704874e+04
4.117935641607573780e+04
5.396088927022157441e+04
7.374075170580866688e+04
8.929556914062667056e+04
7.899841997559166884e+03
1.183881004637619117e+04
1.833373262882570634e+04
2.927707194702704874e+04
4.117935641607573780e+04
5.396088927022157441e+04
7.374075170580866688e+04
8.929556914062667056e+04
7.899841997559166884e+03
1.183881004637619117e+04
1.833373262882570634e+04
2.927707194702704874e+04
4.117935641607573780e+04
5.396088927022157441e+04
7.374075170580866688e+04
