-9.881535414921915056e-12
-9.881535414921915056e-12
-9.881535414921915056e-12
-9.881535414921915056e-12
-9.881535414921915056e-12
-9.881535414921915056e-12
-9.881535414921915056e-12
-9.881535414921915056e-12
-9.881535414921915056e-12
-1.007667929215586062e-11
-1.030829303353806016e-11
-1.034067482369225750e-11
-1.034067482369225750e-11
-1.034067482369225750e-11
-1.034067482369225750e-11
-1.034067482369225750e-11
-1.034067482369225750e-11
-1.034067482369225750e-11
-1.034067482369225750e-11
-1.027247947417947678e-11
-9.919022809226265396e-12
-9.640164780281999688e-12
-9.640164780281999688e-12
-9.640164780281999688e-12
-9.640164780281999688e-12
-9.640164780281999688e-12
-9.640164780281999688e-12
-9.640164780281999688e-12
-9.640164780281999688e-12
-9.234385816676263459e-12
-8.270296406888116281e-12
-7.740321636781092015e-12
-7.740321636781092015e-12
-7.740321636781092015e-12
-7.740321636781092015e-12
-7.740321636781092015e-12
-7.740321636781092015e-12
-7.740321636781092015e-12
-7.740321636781092015e-12
-7.159648243589888134e-12
-6.090815880313742150e-12
-5.627409913336495785e-12
-5.627409913336495785e-12
-5.627409913336495785e-12
-5.627409913336495785e-12
-5.627409913336495785e-12
-5.627409913336495785e-12
-5.627409913336495785e-12
-5.627409913336495785e-12
-5.226369610191479722e-12
-4.582231088064917684e-12
-4.303961223620753543e-12
-4.303961223620753543e-12
-4.303961223620753543e-12
-4.303961223620753543e-12
-4.303961223620753543e-12
-4.303961223620753543e-12
-4.303961223620753543e-12
-4.303961223620753543e-12
-3.983278845440717495e-12
-3.248412337364699046e-12
-2.862762515340115796e-12
-2.862762515340115796e-12
-2.862762515340115796e-12
-2.862762515340115796e-12
-2.862762515340115796e-12
-2.862762515340115796e-12
-2.862762515340115796e-12
-2.862762515340115796e-12
-2.507771697089502914e-12
-2.004283070682410609e-12
