-8.864643353910712176e+04
-1.425874421594841115e+05
-2.293021234110147052e+05
-3.734524847812828375e+05
-5.306399696890768828e+05
-6.989800388560260180e+05
-9.577539641896660905e+05
-1.161371645350918639e+06
-8.864643353910712176e+04
-1.425874421594841115e+05
-2.293021234110147052e+05
-3.734524847812828375e+05
-5.306399696890768828e+05
-6.989800388560260180e+05
-9.577539641896660905e+05
-1.161371645350918639e+06
-8.864643353910712176e+04
-1.425874421594841115e+05
-2.293021234110147052e+05
-3.734524847812828375e+05
-5.306399696890768828e+05
-6.989800388560260180e+05
-9.577539641896660905e+05
-1.161371645350918639e+06
-8.864643353910712176e+04
-1.425874421594841115e+05
-2.293021234110147052e+05
-3.734524847812828375e+05
-5.306399696890768828e+05
-6.989800388560260180e+05
-9.577539641896660905e+05
-1.161371645350918639e+06
-8.864643353910712176e+04
-1.425874421594841115e+05
-2.293021234110147052e+05
-3.734524847812828375e+05
-5.306399696890768828e+05
-6.989800388560260180e+05
-9.577539641896660905e+05
-1.161371645350918639e+06
-8.864643353910712176e+04
-1.425874421594841115e+05
-2.293021234110147052e+05
-3.734524847812828375e+05
-5.306399696890768828e+05
-6.989800388560260180e+05
-9.577539641896660905e+05
-1.161371645350918639e+06
-8.864643353910712176e+04
-1.425874421594841115e+05
-2.293021234110147052e+05
-3.734524847812828375e+05
-5.306399696890768828e+05
-6.989800388560260180e+05
-9.577539641896660905e+05
-1.161371645350918639e+06
-8.864643353910712176e+04
-1.425874421594841115e+05
-2.293021234110147052e+05
-3.734524847812828375e+05
-5.306399696890768828e+05
-6.989800388560260180e+05
-9.577539641896660905e+05
-1.161371645350918639e+06
-8.864643353910712176e+04
-1.425874421594841115e+05
-2.293021234110147052e+05
-3.734524847812828375e+05
-5.306399696890768828e+05
-6.989800388560260180e+05
-9.577539641896660905e+05
